.MODEL &1 PMOS &
  LEVEL=3 TOX=20E-9 UO=160 VTO=-0.82 NFS=1E11 NSUB=4.2E16 &
  VMAX=180K  XJ=0.225E-6 &
  RSS=1.5E-3 RDD=1.5E-3 RS=0 RD=0 &
  LD=0.11E-6 DELTA=0.47 THETA=0.10 ETA=0.01 KAPPA=2 &
  CJ=0.354E-3 MJ=0.328 CJSW=0.226E-9 MJSW=0.27 PB=0.65 &
  CGDO=0.283E-9 CGSO=0.283E-9 JS=120E-9 IS=0 &
  WD=0.28E-6  KF=4.180E-28  AF=1.160
