.MODEL &1 NMOS &
  LEVEL=3 TOX=18E-9 UO=450 VTO=0.7 NFS=1E11 NSUB=4.7E16 &
  VMAX=160K  XJ=0.131E-6 &
  RSS=1.15E-3 RDD=1.15E-3 RS=0 RD=0 &
  LD=0.175E-6 DELTA=0.4 THETA=0.04 ETA=0.036 KAPPA=0.2 &
  CJ=0.369E-3 MJ=0.325 CJSW=0.219E-9 MJSW=0.249 PB=0.76 &
  CGDO=0.285E-9 CGSO=0.285E-9   JS=420E-9 IS=0 &
  WD=0.05E-6  KF=3.180E-27  AF=1.160
